const std::string rewrite_manager_t::prac_str = R"(0000000000001001
0000000010110100
0000000010011110
0000000001111000
0000000001001100
0000000001110101
0000000000011111
0000000000110000
0000000000110100
0000000000011101
0000000000001111
0000000000111110
0000000001101000
0000000000001010
0000000000111001
0000000001000101
0000000000101110
0000000010110000
0000000001001111
0000000011011011
0000000001001110
0000000001110110
0000000000010101
0000000001000100
0000000001000001
0000000000100100
0000000000001101
0000000000000010
0000000000001110
0000000001010101
0000000010000100
0000000010110011
0000000001101100
0000000000001011
0000000001011011
0000000001000000
0000000000000100
0000000000110011
0000000000000101
0000000001010000
0000000001010100
0000000000001100
0000000000000011
0000000001011000
0000000000010000
0000000010011101
0000000011011010
0000000000000000
0000000000000110
0000000000010011
0000000000111111
0000000010100000
0000000001111101
0000000000011100
0000000001110111
0000000011011000
0000000000000001

)";